&CPMD
  MOLECULAR DYNAMICS BO
  quench bo
  CONVERGENCE ORBITALS
   1.e-5
  pcg minimize
  RESTART COORDINATES WAVEFUNCTION LATEST
  VDW CORRECTION
  STORE WAVEFUNCTIONS
   100
  EXTRAPOLATE WFN
   4
  TIMESTEP
   20.
  TEMPERATURE
   300.
  nose ions massive
   300. 3000.
  TRAJECTORY XYZ SAMPLE 
   1
  stress tensor 
   20
  maxstep
   15000
  MAXRUNTIME
   7100
  COMPRESS WRITE32
  MIRROR
  RESTFILE
   2
  MEMORY BIG
  REAL SPACE WFN KEEP
  INITIALIZE WAVEFUNCTION RANDOM
  ALLTOALL SINGLE
  linalg newortho on
  CP_GROUPS
   1
  PRNGSEED
   291714362
&END


&DFT
  FUNCTIONAL PBE
  GC-CUTOFF
   1.E-05
&END

&VDW
 VDW PARAMETERS
 ALL DFT-D2
 S6GRIM
 PBE
&END

&SYSTEM
  ANGSTROM
  SYMMETRY
   1
  CELL
   14.4807  1 1 0  0  0
  CUTOFF
   80
&END

&ATOMS
*C_MT_PBE  KLEINMAN-BYLANDER
 LMAX=P 
1
     15.632     13.683     10.054
*Cl_MT_PBE.psp  KLEINMAN-BYLANDER
LMAX=D 
2
     10.220      8.020      0.685
     13.930     13.261     10.768
*H_MT_PBE  KLEINMAN-BYLANDER
 LMAX=S 
199
      0.448      0.980      7.023
      1.015     12.251      3.658
     -2.072      2.570      1.761
     -0.724      0.415      6.100
      0.273      5.692     11.162
     -1.115      6.076      0.937
      0.447      9.735      3.803
      0.598     11.934      5.124
      1.273      9.109     11.513
     -0.283      5.760     12.674
      1.248      3.232      8.570
      1.053      8.620      2.881
      2.415      2.030      6.830
      9.256      8.630      9.950
      9.516      1.572     10.511
      9.542     12.113     11.818
     10.548     13.123     10.032
     11.700      9.817     -3.213
     13.143      1.026      8.373
     12.982      1.690      9.800
     10.175     11.701      9.686
      8.852     11.228     13.014
      9.661      1.896      0.913
     12.288      4.775      4.665
     11.355     11.523      4.812
      8.391     16.850      7.822
     12.247     -1.495      3.033
     12.257     11.118     -3.838
     13.434      5.560      5.482
     11.076      0.755      9.041
     10.003     -1.465     13.747
     12.440      0.162     15.503
     15.021      9.630      9.447
      9.171     10.231      8.498
      8.531      7.908      8.722
     11.463      8.874      2.667
     11.560      5.425      8.219
     11.794      2.975      7.894
     13.864      9.501     10.619
     12.810     -0.119      3.403
     10.708      6.136      9.345
     13.704      1.883     11.939
      2.574      5.168      8.756
     11.773      0.994     14.468
     15.712     13.806      0.821
      2.813      3.429     -0.197
      3.953      5.645      8.159
     12.481     11.225      6.766
     11.694      9.877      6.682
     10.185     11.242      7.791
     13.005      8.791      3.356
     -0.819      9.925     14.503
      8.914      7.671      4.827
     14.601     13.625      1.907
     12.403      6.727     13.374
     11.061     -2.214     14.618
     12.141      4.086      6.730
     13.674      3.390     11.769
     13.257      6.436      9.379
     14.521      7.391      9.864
     -1.457      4.041      2.145
     11.734      9.789     -0.311
     12.943      1.913      3.727
     15.159      7.403      6.465
     15.441     14.910     13.763
     10.211      7.806      5.581
     11.766      2.765     12.426
     12.023      1.278      4.715
     16.015      3.650     -2.406
     12.829      7.809      6.398
      0.705      4.498      9.429
     10.226      2.556     12.173
     13.391      7.674     14.086
     16.061     13.429     10.958
     14.636      7.477      5.008
     12.358     10.634     -1.445
     16.088      2.419     -1.633
     11.862      7.724      7.705
     14.136     15.933     14.081
     16.071     13.068      9.232
     15.349     14.768      9.798
     -0.222      6.002      2.174
      1.051     15.464      2.290
      0.981      9.122     13.056
      2.051      3.079      1.236
      2.674      7.558      6.233
      0.504      9.089     15.016
      2.713      7.479     12.966
      2.891     11.134      4.710
      2.828     13.828     14.389
      4.248      0.537     15.999
      1.358      2.983      6.132
      2.211      6.051     12.748
      3.876     10.753      1.261
      2.438     10.644      8.463
      1.556      5.039     17.542
      0.129     16.808      2.008
      2.402      7.317      7.759
      4.172     10.241      4.672
      2.154     13.003     13.239
      1.714      9.384      7.634
      0.908      2.948      3.913
      2.112      5.504     16.141
      8.027      2.927      0.059
      0.059      4.096      4.632
      2.364      7.547      1.413
      2.818      9.133      0.956
      4.312      6.363     10.107
      4.428     -1.054     16.001
      0.431     11.675      7.194
      4.250      6.852     11.572
      3.519     13.572      9.393
      3.283      2.325     11.665
      4.075      2.827      1.435
      3.436     10.485     -0.229
      6.466      3.469     -0.145
      3.973     15.405      7.870
      6.604      3.569     10.773
      3.469     15.020     10.129
      7.069      5.340     12.260
      0.028     13.217      6.961
      6.521      6.224     11.062
      4.623     16.705      7.452
      4.768      5.490     -0.827
      3.675     11.470     12.543
      4.269     11.592      9.476
      3.943      7.496      4.919
      5.588      2.516     10.494
      5.581      2.339      1.257
      4.286     12.091      7.977
      2.885      6.471      4.084
      4.445     11.849      3.158
      4.600      1.357     11.963
      5.675     11.887      2.149
      2.358     10.556     12.550
      4.625      5.265      5.432
      7.780     11.241      2.693
      6.171      5.740     -0.090
      4.914     13.504      6.411
      5.995      3.763      8.481
      5.714      8.534      4.477
      9.916      4.911      2.807
      7.119     -0.788     17.279
      9.233      3.875      1.782
      5.601      8.136     10.382
      5.148      8.804      5.881
      5.795      4.081      6.945
      7.692     11.191      1.137
      8.071     15.017      6.068
      6.412     13.881     12.242
      8.033      5.908     16.692
      5.127      0.018     13.929
      8.053      5.819      7.441
      5.532     10.701     10.686
      4.510     12.093      5.685
      6.133      5.068      4.920
      7.627     12.895     12.026
      7.724     13.617      5.934
      5.755     12.131     11.281
      8.511      3.757      3.859
      8.290      7.289     15.997
      6.498      0.180     16.163
      7.409      9.306     -0.806
      6.338      7.879      0.726
      6.150      1.266     13.688
      6.800      8.919      9.870
      6.417      7.743      7.473
      5.365      8.672      8.290
      5.597      0.032      9.293
      9.386      9.387     -2.729
      8.631      7.063      6.744
      7.273      7.676      3.390
      8.622      4.095      6.019
      9.989      0.771      3.508
      9.693      4.248      7.217
     10.304      8.066     -2.674
      7.854      9.198      3.910
     10.738      6.413      4.294
      5.100      8.691      0.055
      6.864     -0.751      9.861
      8.959      9.342     -0.353
      6.783     11.868      6.437
      8.984      2.491      4.707
     10.331      6.483     13.275
      8.683      0.281     16.406
      8.872      5.476     10.747
      9.471      0.363      4.827
      8.323     11.212      4.665
      8.115      2.301     10.735
      8.234     11.509      7.135
     11.612     10.881      3.481
     10.000     -0.332     15.822
     11.795      6.289      3.127
      9.579      4.134     10.595
      7.557     15.512      8.337
      9.596     11.055      3.829
     10.129      3.079     -0.081
      9.507      0.403      8.856
     10.579      5.915     11.904
*K_MT_PBE_SEMI.psp  KLEINMAN-BYLANDER
 LMAX=D 
1
      5.822     16.390      4.565
*O_MT_PBE  KLEINMAN-BYLANDER
 LMAX=P 
98
      0.316      8.822      3.495
     -0.342      0.327      7.009
     -1.613      3.083      2.437
      0.343      5.290     12.064
     -1.064      5.628      1.825
      1.110     11.575      4.372
     12.554      1.583      8.939
      9.013     12.174     12.646
     10.653     12.221     10.388
      8.219     15.859      7.762
     10.265      0.300      9.484
      8.550      8.712      9.287
     12.598      0.986     15.018
     12.862     -0.770      2.651
     12.527     10.355     -3.244
      1.445      3.838      9.354
     12.921      4.689      5.460
      9.387     11.176      8.341
      1.542      2.403      6.997
     12.065      9.183      3.367
     10.665     -1.331     14.554
     11.433      6.271      8.693
     11.592     10.851      6.609
     14.605      9.033     10.152
     11.515      3.825      7.533
     13.215      2.579     11.481
     -0.152      9.197     14.277
     15.523     13.756      1.818
     12.993      1.363      4.562
      9.602      7.105      5.282
     13.276      6.733     13.860
     10.925      2.739     12.922
     14.213      6.434      9.766
     11.885      8.141      6.786
     14.960     15.781     13.487
     12.264     10.656     -0.472
     14.345      7.141      5.852
     16.670      3.172     -1.929
      1.752      9.162     12.398
      1.945     13.673     13.923
      3.168      5.976      8.677
      1.015     16.471      2.373
      2.700      3.623      0.788
      3.054      6.565     12.955
      3.830     11.182      4.579
      2.046      7.833      6.959
      1.564     10.212      8.160
      4.172     -0.292     15.439
      3.766      9.987      0.596
      2.075      8.467      1.351
      6.982      2.687      0.127
      1.656      5.842     16.942
      3.833     14.477      9.374
      4.149     15.925      7.061
      0.957      3.745      4.529
      4.859      6.818     10.797
     -0.118     12.259      6.657
      3.628     11.861      8.771
      4.026      1.773     11.279
      2.795     11.434     12.908
      4.785      2.287      1.855
      3.429      6.589      4.921
      6.482      2.839     10.167
      5.724      5.093     -0.623
      7.335      5.691     11.393
      4.690     12.073      2.198
      7.229     11.520      1.932
      4.871      8.862      4.925
      9.050      4.534      2.479
      5.358      4.596      5.280
      7.782     14.383      5.402
      7.028      0.127     16.989
      5.325      3.754      7.772
      5.648      0.513     13.218
      5.042     12.506      6.439
      5.862      9.015     10.045
      5.080     11.458     11.021
      6.876     13.319     11.553
      7.603      6.827     16.517
      5.884      8.184     -0.078
      8.270      9.812     -0.857
      7.982      6.852      7.528
      6.505     -0.374      9.017
      7.408      8.367      4.169
      8.207      3.101      4.564
      5.503      8.177      7.424
      8.732      4.247      7.037
     10.151      0.967      4.494
     10.148      9.019     -3.125
      7.721     11.726      6.253
      9.605      0.411     16.314
     11.182      5.790      3.654
      9.060      2.367     10.973
      8.647     10.747      3.837
      9.795      5.113     10.588
     10.869      6.673     12.503
     11.165     11.677      3.861
      9.468      2.817      0.580
 ISOTOPES
  12.0107
  35.9768
   2.0
  38.9637
  15.9994
&END
