&CPMD
  MOLECULAR DYNAMICS BO
  quench bo
  CONVERGENCE ORBITALS
   1.e-5
  pcg minimize
  RESTART COORDINATES WAVEFUNCTION LATEST
  VDW CORRECTION
  STORE WAVEFUNCTIONS
   100
  EXTRAPOLATE WFN
   4
  TIMESTEP
   20.
  TEMPERATURE
   300.
  nose ions massive
   300. 3000.
  TRAJECTORY XYZ SAMPLE 
   1
  stress tensor 
   20
  maxstep
   15000
  MAXRUNTIME
   7100
  COMPRESS WRITE32
  MIRROR
  RESTFILE
   2
  MEMORY BIG
  REAL SPACE WFN KEEP
  INITIALIZE WAVEFUNCTION RANDOM
  ALLTOALL SINGLE
  linalg newortho on
  CP_GROUPS
   1
  PRNGSEED
   871320874
&END


&DFT
  FUNCTIONAL PBE
  GC-CUTOFF
   1.E-05
&END

&VDW
 VDW PARAMETERS
 ALL DFT-D2
 S6GRIM
 PBE
&END

&SYSTEM
  ANGSTROM
  SYMMETRY
   1
  CELL
   14.4807  1 1 0  0  0
  CUTOFF
   80
&END

&ATOMS
*C_MT_PBE  KLEINMAN-BYLANDER
 LMAX=P 
1
     14.610     12.110      9.470
*Cl_MT_PBE.psp  KLEINMAN-BYLANDER
LMAX=D 
2
     10.730     12.280      0.500
     13.330     13.150      8.730
*H_MT_PBE  KLEINMAN-BYLANDER
 LMAX=S 
199
      0.040      1.450      6.970
      0.160     11.910      3.460
      0.160      3.840      3.200
      0.330      0.890      5.630
      0.360      6.020     10.970
      0.390      5.490      1.730
     -0.430      9.210      2.090
      0.530     11.920      4.980
      0.570      8.840     10.800
      0.610      6.250     12.330
      0.810      3.190      8.140
      0.940      9.200      2.570
      1.000      0.640      9.310
     10.040      8.330      8.470
     10.050      1.740     10.550
     10.090     13.160     11.180
     10.120     13.220      8.770
     10.120      8.790      0.450
     10.200      0.130      6.480
     10.250      1.240      7.570
     10.320     11.800      9.090
     10.380     12.910     12.610
     10.650      3.500      1.990
     10.660      6.030      4.720
     10.660      9.460      3.650
     10.790     14.490      3.900
     11.080      0.050      0.900
     11.160      9.760      0.100
     11.200      7.210      4.050
     11.240      3.770      6.600
     11.310      0.460     12.260
     11.310      2.340     14.460
     11.330      9.000     10.550
     11.370     10.100      7.810
     11.380      7.650      8.360
     11.400      7.400      1.290
     11.430      5.160      8.620
     11.530      2.600      4.670
     11.610      8.910     12.090
     11.750      0.600      2.130
     11.770      5.280     10.120
     11.780      2.810     11.750
      1.190      7.400      9.220
     11.910      3.680     14.030
     11.980     12.240      2.420
      1.200      0.960      1.350
      1.210      5.880      9.070
     12.270     10.970      4.070
     12.310     10.070      5.310
     12.380     11.160      7.480
     12.490      6.300      1.410
      1.250      9.520     14.440
     12.540      7.060      6.100
     12.550     13.300      3.290
     12.600      8.000     14.100
     12.770      0.900     12.660
     12.780      2.750      5.530
     12.780      2.820     10.630
     13.010      6.830      9.810
     13.080      8.050     10.750
      1.310      3.190      2.600
     13.330     11.370     -0.240
     13.420      1.630      2.610
     13.440      5.630      3.860
     13.540     13.440     12.680
     13.580      6.700      7.180
     13.600      4.600     12.410
     13.640      0.890      3.900
     13.660      1.970     -0.220
     13.770      9.220      6.560
      1.410      3.670      9.450
     14.150      4.840     13.800
     14.160      8.090     13.930
     14.170     11.340     10.110
     14.490      6.670      3.520
     14.750     11.830      0.160
     14.800      2.810      0.340
     14.860     10.120      7.120
     14.960     13.950     12.590
     15.190     11.650      8.670
     15.270     12.770     10.070
      1.540      4.660      1.520
      1.600     13.700      4.540
      1.650      8.840     11.880
      1.690      1.320      2.630
      1.730      5.310      5.530
      1.760      8.200     14.610
      1.820      3.670     11.480
      1.950     10.420      4.520
      2.000     12.730     14.890
      2.040      0.900     13.590
      2.090      0.730      8.280
      2.090      2.190     11.590
      2.120     12.050      2.620
      2.180      9.260      6.580
      2.300      5.360     13.600
      2.310     14.320      5.720
      2.390      5.240      6.830
      2.500      9.150      4.040
      2.620     12.460     13.620
      2.650      8.340      7.670
      2.790      2.070      4.970
      2.860      6.450     14.410
      3.180      3.890      3.270
      3.190      3.330      5.540
      3.270      8.230      2.320
      3.310      9.250      1.150
      3.330      7.460      9.700
      3.350      0.240     13.150
      3.390     10.340      8.310
      3.440      8.820     10.180
      3.480     13.070      9.760
      3.480      2.590     10.030
      3.590      0.410      2.320
      3.590     11.980      2.300
      3.770      4.090      1.950
      3.940     13.710      7.770
      3.960      5.300      9.150
      4.000     14.450     10.260
      4.190      5.520     12.150
      4.210     11.390      7.670
      4.390      6.550     11.030
      4.490     13.460      6.460
      4.530      7.840      4.660
      4.530      8.930     13.800
      4.570     13.360     13.280
      4.780      6.690      6.980
      4.790      4.460      8.170
      4.820      1.010      2.860
      4.840     12.040     12.620
      4.880      8.240      6.860
      5.000     11.350      4.460
      5.020      2.600      9.930
      5.090     10.850      3.040
      5.130     10.300     13.840
      5.140      2.180      4.450
      5.180     14.390      0.580
      5.420      7.080      3.670
      5.480     10.210      9.500
      5.760      2.480      8.130
      5.870      9.740      5.290
      5.910      3.270      1.360
      5.950      1.380     14.200
      5.960      4.730      0.950
      6.050      8.070     11.090
      6.100     10.540      6.530
      6.160      2.030      6.750
      6.250     13.500     -0.010
      6.350     13.270      7.510
      6.370     13.030     11.370
      6.480      6.280     12.830
      6.510      1.780     12.250
      6.510      6.260      9.490
      6.560     10.010     12.260
      6.580     11.010     10.090
      6.660      2.510      4.330
      6.920     13.140     10.040
      6.970     12.320      6.620
      6.990     11.450     12.020
      7.000      4.270      3.510
      7.130      4.950     12.730
      7.190      2.210     13.850
      7.260     11.650      0.870
      7.260      9.370      3.270
      7.310      1.970     11.010
      7.470      7.910     11.710
      7.570      7.830      8.480
      7.600      9.300      8.860
      7.630      0.870      9.350
      7.630      8.190      0.720
      7.650      5.950      8.490
      7.820      7.730      4.870
      7.840      3.890      7.300
      7.950      1.900      1.640
      7.970      4.640      5.970
      8.060      7.580     -0.510
      8.100      8.900      5.780
      8.140      6.650      2.340
      8.210     10.190      2.470
      8.360     -0.060      8.390
      8.420     12.550      1.070
      8.460     10.070      7.540
      8.480      3.970      3.760
      8.560      4.460     12.920
      8.570      0.320     13.380
      8.950      6.470     10.700
      9.030      0.810      1.540
      9.240     11.440      5.210
      9.440      3.080     10.870
      9.490     11.020      6.910
      9.550      8.470      3.570
      9.640      1.390     13.380
      9.680      6.790      2.480
      9.730      6.530     12.020
      9.740     13.700      4.560
      9.780     11.640      3.780
      9.780      2.390      2.420
      9.950      4.470      7.140
      9.970      4.080     13.160
*K_MT_PBE_SEMI.psp  KLEINMAN-BYLANDER
 LMAX=D 
1
      6.640     13.600      3.790
*O_MT_PBE  KLEINMAN-BYLANDER
 LMAX=P 
98
      0.130      8.670      2.630
     -0.310      1.500      6.060
      0.480      2.960      3.030
      0.700      5.550     11.730
      0.760      4.950      1.000
      0.920     11.940      4.080
     10.040      0.310      7.440
     10.110     13.630     12.040
     10.140     12.630      9.550
     10.260     14.520      4.720
     10.860      4.220      7.400
     10.990      8.540      8.370
     11.070      3.240     14.230
     11.080      0.850      1.470
     11.080      8.820      0.270
      1.130      3.990      8.580
     11.340      6.700      4.840
     11.420     11.050      7.530
      1.160      0.980      8.430
     11.830      6.790      1.920
     11.850      1.230     12.530
     11.870      5.750      9.280
     11.950     10.100      4.420
     11.950      9.240     11.250
     11.980      3.220      5.250
     12.100      3.370     11.020
      1.230      8.700     13.980
     12.500     12.350      3.240
     13.210      0.790      3.030
     13.330      7.400      6.560
     13.390      7.490     13.800
     13.530      4.260     13.330
     13.620      7.300     10.440
     13.970     10.150      6.740
     14.050     14.180     12.320
     14.110     11.110      0.280
     14.360      5.710      3.520
     14.440      1.900      0.330
      1.530      8.730     10.930
      1.720     12.630     13.960
      1.730      6.670      8.890
      1.800     14.550      4.930
      1.870      0.620      1.980
      1.870      2.870     10.940
      2.260      9.570      4.860
      2.340      4.760      5.990
      2.400      9.250      7.530
      2.660      0.860     12.870
      2.720     11.900      1.870
      2.740      8.910      1.880
      2.900      4.050      2.360
      3.060      5.930     13.650
      3.610     13.990      9.500
      3.630     13.670      6.850
      3.630      2.540      5.150
      4.010      8.040     10.070
      4.040     11.040      8.550
      4.180     12.750     12.610
      4.220      2.740      9.420
      4.440      9.770     14.250
      4.560      0.350      2.190
      4.630      7.440      6.380
      4.700      5.360      8.530
      4.750      7.760      3.710
      4.770      5.730     11.390
      4.930     11.680      3.520
      5.570     14.130     -0.290
      5.590     10.570      5.710
      5.740      4.160      1.700
      6.010      1.830      4.130
      6.260     12.980      6.620
      6.300      2.300     14.210
      6.350      2.710      7.400
      6.400      1.830     11.310
      6.420     10.110      9.720
      6.530      8.130     11.930
      6.560     10.880     12.710
      6.860     12.490     10.750
      7.030      5.660     13.370
      7.280      9.910      2.460
      7.450     12.540      1.180
      7.450      6.450      9.310
      7.480      0.120      8.760
      7.530      8.630      5.050
      7.610      4.020      4.220
      8.050      8.670      8.250
      8.210      4.710      6.910
      8.330      1.140      2.120
      8.430      7.860      0.320
      8.540     10.920      7.040
      8.780      1.190     13.760
      8.840      6.810      2.980
      9.210      2.210     10.490
      9.250     12.080      4.470
      9.360      7.080     11.330
      9.400      4.470     12.470
      9.810      9.310      3.210
      9.900      3.330      2.540
 ISOTOPES
  12.0107
  35.9768
   2.0
  38.9637
  15.9994
&END
