&CPMD
  MOLECULAR DYNAMICS BO
  quench bo
  CONVERGENCE ORBITALS
   1.e-5
  pcg minimize
  RESTART GEOFILE coordinates wavefunction latest
  VDW CORRECTION
  STORE WAVEFUNCTIONS
   100
  EXTRAPOLATE WFN
   4
  TIMESTEP
   20.
  TEMPERATURE
   300.
  nose ions massive
   300. 3000.
  TRAJECTORY XYZ SAMPLE 
   10
  stress tensor 
   20
  maxstep
   15000
  MAXRUNTIME
   1790
  COMPRESS WRITE32
  MIRROR
  RESTFILE
   2
  MEMORY BIG
  REAL SPACE WFN KEEP
  INITIALIZE WAVEFUNCTION RANDOM
  ALLTOALL SINGLE
  linalg newortho on
  CP_GROUPS
   1
  PRNGSEED
   221417061
&END


&DFT
  FUNCTIONAL PBE
  GC-CUTOFF
   1.E-05
&END

&VDW
 VDW PARAMETERS
 ALL DFT-D2
 S6GRIM
 PBE
&END

&SYSTEM
  ANGSTROM
  SYMMETRY
   1
  CELL
   14.4807  1 1 0  0  0
  CUTOFF
   80
&END

&ATOMS
*C_MT_PBE  KLEINMAN-BYLANDER
 LMAX=P 
1
      7.737      8.292      6.746
*Cl_MT_PBE.psp  KLEINMAN-BYLANDER
LMAX=D 
2
      6.744      6.189      7.734
      8.525     10.194      5.742
*H_MT_PBE  KLEINMAN-BYLANDER
 LMAX=S 
199
      3.823      0.502      2.288
      7.337      2.869      9.326
     11.670      4.930     10.250
      3.033      1.126      3.506
     12.203     10.646      7.322
      7.072      1.950      7.428
     11.382     14.345     10.205
      7.282      4.415      9.601
      2.360      6.837      5.626
     12.872      9.167      6.805
      8.647      8.379     14.066
     11.211      0.299      8.678
      7.610      0.550      0.630
     13.016     13.023     13.085
      1.582      3.543     14.294
      1.309      0.424      0.823
      3.454      1.883     14.387
      7.938      1.291     12.403
      4.896      3.296      1.630
      5.348      3.364      3.290
      2.987      0.527     13.963
     14.285      0.571      1.274
      3.226      3.669      9.467
      6.895      9.533      0.858
      1.547      6.393     12.284
      3.385      8.271     14.430
      6.858     13.177      9.902
      7.492      2.426     11.471
      5.473      8.598      0.688
      4.019      5.107      2.290
      1.578     11.955      2.279
      5.076      0.973      5.812
      4.959      7.469     11.017
      4.069     13.285     13.132
     13.973     14.162     13.822
      7.597     10.510     12.809
     12.652      9.605      2.418
      5.258     11.957     14.412
      5.153      9.040     11.246
      6.876      0.026     10.648
     11.456     10.126      3.116
      9.551      3.707      1.721
     11.061      4.808      3.062
      4.490      0.007      4.837
     10.985      5.491      6.823
      0.028      4.805      3.652
     11.521      3.491      2.332
      3.947     11.777      8.567
      4.901     10.579      8.889
      3.693     14.045     11.815
      8.537     11.602     12.194
     10.853     14.054      1.942
     10.552     13.082     11.667
      9.612      5.844      7.776
      9.395     12.111      0.265
      2.579     13.104      2.667
      6.275     12.369     13.241
      8.095      3.787      1.020
      9.724      7.055      2.028
      8.228      7.317      1.903
     11.539      6.192      9.371
      9.679      0.703      7.109
      4.524      6.829     13.315
      8.280      9.551     10.058
      7.673     12.492      1.722
     10.744     11.704     10.830
      6.941      9.708      4.605
      3.798      5.986     12.131
      7.175      1.623      2.826
      5.705      5.204     13.129
      8.627      9.972     14.341
      6.297      9.276      3.378
      9.514     11.360      1.600
      8.181      8.752      7.602
      7.486      8.232     10.062
      9.295      1.592      8.328
      7.488      3.120      3.572
      7.208      4.731     13.016
      6.159     12.193      2.088
      6.733      8.579      6.293
      8.493      7.565      6.243
      7.223      0.927      8.683
     13.987      1.071     11.110
      3.019      5.439      6.073
      1.108      5.630      4.657
     14.102      9.774     10.617
     11.376     13.891      0.379
      6.153      2.502      5.213
     10.424      9.045      9.849
     10.027     12.719      7.571
     14.165      4.528      5.518
      6.897     14.121      1.749
      5.194      2.963      6.563
     12.019     14.054      3.949
     11.905     10.934     12.631
     10.849      7.819      6.226
     13.810      2.523     10.498
     12.603      9.071     10.937
     11.803      9.541      9.049
      8.763     12.935      6.565
     13.025     10.541     13.604
      9.060      4.966     13.700
     10.587      8.254      4.874
      3.018      3.391      5.771
      9.082      5.780     12.296
     12.438     12.694      6.450
     12.100     12.874      7.943
      9.713      0.741     14.463
     12.916      3.785      5.834
     12.024      0.454     12.230
      9.106      2.146      0.108
     12.944      2.664     12.650
      8.725     14.261      4.990
     14.043      3.941      8.003
     10.499      0.139      3.731
      3.111      3.663      7.328
     12.552      5.334     14.054
     10.707      3.128      5.014
     11.585      3.053     13.312
      7.092      5.081      5.806
     10.805      1.370     11.495
      8.586      4.443      5.700
     13.475      6.640     14.350
      2.256      6.983      2.612
      6.607     13.619      5.249
      9.297      3.029     10.589
     12.883      7.656      5.688
     10.586      2.581      6.497
      0.727      3.474      8.845
      9.441      3.624     11.887
      0.038      7.529      5.781
     13.809     14.199      5.183
      8.871      1.209      4.362
     13.891     12.724      4.647
      7.296     12.806      4.162
     14.209     10.436      7.557
      1.497      1.609      4.921
      0.855      6.957      3.138
     13.394     14.023      9.655
      0.605      8.388     13.529
      1.007     10.904      9.496
      2.567      9.219      5.440
      5.001      3.510     10.842
      3.168      8.429      6.548
      0.947      2.580     11.984
      1.127     11.393     10.956
      0.081      8.234     12.041
      1.488      2.636      3.760
      5.650      3.000     14.021
      9.456      9.947      3.884
      4.042     10.077      4.258
      0.483      0.927      7.083
      2.522     10.766     12.505
     11.926      1.167      2.071
     14.223     13.198     10.678
      1.195      9.793      7.069
      9.276      8.813      2.353
      5.814      1.667      0.490
     12.394      2.071      0.667
      5.122      7.688      8.010
      3.014     11.185      3.980
      4.446      2.059     10.597
      3.979     11.641      1.921
     13.949     10.709      4.406
     14.397      2.084      6.292
      2.502      2.902     12.175
     14.294     12.847      1.695
     13.737     11.641      2.455
      0.301      3.193      1.919
      0.587      8.814      1.420
      2.438     12.241     12.518
      3.839     13.586      6.732
      3.702     10.684     11.107
      2.692      6.681      9.981
      4.650     11.012     12.329
      0.081     10.084      0.649
      3.068     12.244      6.719
     10.595      6.752     11.406
      0.368     11.181      5.639
     13.582      2.770      2.836
      5.191     10.638      1.296
      2.084     13.817      8.017
      4.231      8.731      8.797
      7.415      5.514      3.419
      8.429     11.600     10.466
     11.937      6.158      1.499
      3.130      7.008      8.503
      5.003     14.407      9.930
      0.633      4.586      0.518
      1.257     14.336      9.184
      1.745      4.885     11.941
      8.374     11.896      8.855
      9.296      7.673     11.458
     12.154      6.742      2.984
      3.778      7.035      0.861
      3.389      0.157      9.631
      2.542      4.958      8.819
      2.868      5.312      1.402
      6.464      5.417      2.274
*K_MT_PBE_SEMI.psp  KLEINMAN-BYLANDER
 LMAX=D 
1
      0.040      6.384      9.894
*O_MT_PBE  KLEINMAN-BYLANDER
 LMAX=P 
98
     11.685     14.124      9.212
      3.554      0.313      3.238
     11.948      5.877     10.243
     12.624      9.764      7.578
      7.606      1.788      8.240
      7.342      3.505     10.101
      4.995      3.876      2.539
      0.462     14.424      0.933
      2.839      1.201      0.253
      4.157      7.753      0.218
      3.516      5.889      1.852
     13.209     13.969     13.178
      4.876     14.480      5.705
      6.560     14.110      9.803
      7.269      1.481     11.659
      8.126      9.184     13.969
      6.033      9.259      1.272
      3.321     13.788     12.672
      6.923      0.549      1.376
      7.607     11.409     12.435
      2.541     12.156      2.415
     12.433     10.355      2.994
      4.067     10.960      9.113
      5.389      8.304     10.656
      5.292     12.264     13.387
      9.067      3.560      0.861
     10.554     13.846      0.920
     10.543      6.070      7.498
      4.678      6.372     12.426
     10.278     12.132     11.590
      8.942     11.397      0.748
      6.033      9.395      4.282
      9.110      7.683      1.605
      6.389      4.566     13.480
      7.054     12.539      2.518
     10.083      1.335      7.750
      8.392      8.558     10.085
      7.283      2.148      3.698
      2.549      5.948      5.300
      9.310     13.326      7.278
     10.857      3.844      2.957
     14.006      2.055     11.334
      0.117      5.584      4.229
      5.830      2.297      6.108
     11.155      9.710      9.875
     13.570      8.977     10.971
     12.591     11.294     13.245
     13.836      3.858      6.162
     11.409      0.067      3.291
     12.021     12.300      7.214
      3.619      3.709      6.505
     11.117      7.645      5.287
     12.536      3.019     13.486
     12.913      5.929      0.261
      8.897      4.900     12.711
      8.955      1.238     14.072
     11.146      0.454     11.712
      9.998      3.083     11.282
      9.418      0.456      4.653
      7.418     13.154      5.078
     14.282      3.762      8.988
     13.678      7.806      6.281
     10.677      3.411      5.946
      1.426      7.557      2.673
      7.844      4.812      5.165
     13.262     13.479      4.837
      2.068      2.200      4.455
      0.473     11.150     10.300
      2.236      8.474      6.095
      0.695     10.669      7.301
      5.209      2.433      0.248
      4.188      2.960     10.821
      0.522      7.691     12.757
      0.156      1.122      6.193
     14.075     14.115     10.394
      1.595      3.227     12.424
     12.432      2.013      1.687
      9.837      9.688      2.831
      3.287     10.567      4.693
      0.196     11.312      4.657
      4.961     11.617      1.513
      1.813     11.473     12.375
      0.011      3.152      2.864
      3.318     12.933      7.347
      4.293      8.262      7.900
     14.385     11.887      1.804
      4.060     10.250     11.932
      2.376      6.800      9.062
      0.168      9.100      0.514
      1.942      0.192      8.570
      7.846     11.669      9.703
      9.939      7.193     12.020
      1.455      4.104      0.656
      4.162      0.255     10.270
     11.538      6.357      2.395
      7.314      5.780      2.507
      2.143      5.810     11.822
      2.535      3.982      8.752
 ISOTOPES
  12.0107
  35.9768
   2.0
  38.9637
  15.9994
&END
